28.603133 -81.199624
28.600761 -81.199115
28.603870 -81.200314
28.599472 -81.202039
28.599247 -81.204172
28.599146 -81.199423
28.603635 -81.199463
28.603171 -81.198190
28.600859 -81.196739
28.602915 -81.201014
28.603194 -81.198440
28.603469 -81.200262
28.602614 -81.198863
28.601308 -81.201126
28.603007 -81.198355
28.599128 -81.202276
28.602204 -81.197946
28.600944 -81.201884
28.601113 -81.201573
28.603798 -81.206036
28.604371 -81.202848
28.601136 -81.202030
28.603804 -81.200734
28.600415 -81.202670
28.599576 -81.199065
28.602258 -81.202249
28.600074 -81.202910
28.604418 -81.200224
28.601158 -81.200052
28.599318 -81.203711
28.605097 -81.198896
28.601904 -81.200596
28.601161 -81.198135
28.601633 -81.197603
28.601936 -81.202135
28.604599 -81.199608
28.601169 -81.197369
28.599881 -81.198328
28.599463 -81.201076
28.600569 -81.202258
28.600804 -81.202191
28.600205 -81.201962
28.600399 -81.201280
28.600769 -81.203143
28.603735 -81.198796
28.602169 -81.199094
28.603561 -81.199454
28.599028 -81.205620
28.601731 -81.201051
28.605345 -81.205823
28.600496 -81.197752
28.599733 -81.199456
28.601668 -81.198641
28.600724 -81.197709
28.601396 -81.202489
28.602078 -81.200825
28.601483 -81.202169
28.603055 -81.198611
28.600336 -81.198711
28.602155 -81.201703
28.603840 -81.203206
28.601141 -81.200303
28.603523 -81.202969
28.600013 -81.203686
28.604122 -81.198801
28.602111 -81.202560
28.605086 -81.197892
28.603480 -81.200794
28.604783 -81.203392
28.604028 -81.199769
28.600622 -81.198816
28.602148 -81.200327
28.600939 -81.199631
28.602800 -81.203533
28.605589 -81.191260
28.602412 -81.204151
28.602629 -81.203387
28.605590 -81.220248
28.600139 -81.198904
28.605310 -81.198439
28.599818 -81.203674
28.599833 -81.208280
28.600494 -81.197371
28.600479 -81.198585
28.603951 -81.190231
28.599562 -81.201259
28.603491 -81.198865
28.600721 -81.199940
28.601915 -81.200511
28.599833 -81.197896
28.599465 -81.200696
28.601345 -81.196822
28.599712 -81.200553
28.601212 -81.198714
28.602238 -81.201995
28.604587 -81.205865
28.602291 -81.202536
28.599807 -81.201825
28.600235 -81.199740
28.599981 -81.201750
28.601852 -81.194173
28.601181 -81.199432
28.602520 -81.204807
28.600100 -81.201296
28.604419 -81.203405
28.601942 -81.203983
28.601421 -81.198872
28.605356 -81.198920
28.601213 -81.197573
28.604482 -81.201040
28.600236 -81.200525
28.600354 -81.201015